In GF(255)
M=3

t:
000 0
001 1
010 2
011 3
100 4
101 5
110 6
111 7

w1:       w2:       w3:
000 1     000 3     000 7
001 2     001 3     001 7
010 3     010 3     010 7
011 4     011 3     011 6
100 3     100 4     100 7
101 2     101 2     101 6
110 4     110 3     110 7
111 7     111 4     111 6

m:
000 0
001 1
010 3
011 7
100 4
101 0
110 3
111 6

p:
00000 254
00001 254
00010 254
00011 3
00100
00101
00110
00111
01000
01001
01010
01011
01100
01101
01110
01111
10000
10001
10010
10011
10100
10101
10110
10111
11000
11001
11010
11011
11100
11101
11110
11111

q:
00000 a-0
00001 a-1
00010 a-2
00011 a-6
00100
00101
00110
00111
01000
01001
01010
01011
01100
01101
01110
01111
10000
10001
10010
10011
10100
10101
10110
10111
11000
11001
11010
11011
11100
11101
11110
11111


xy+x+y+z+1=0
